1 0.0 0.0
2 132.27 0.0
3 932.2081741891604 1955.1327116016732
4 1232.8572624177796 -105.58166225125387
5 463.5911423603238 -330.7426841595292
6 -113.78167611703321 -749.9476588936047
7 379.65604332048235 -1365.8878129884008
8 -869.3145323958572 -203.60626062420607
9 -194.70273833824763 -541.6273232431944
10 530.441608074393 -340.3626932016082
11 1108.63333786951 -369.91696441810984
12 83.86971724502918 -453.9269353422849
13 134.07534210327364 -195.6116692324109
14 904.2756123837603 -210.0460410195234
15 150.81286535117601 -975.7438232162006
16 -150.68787102139558 -231.0071895570336
17 59.22534248128856 -893.5493936587803
18 172.9702506237242 -5.572790967373306
19 194.25181900657745 -1776.0788044770525
20 156.24087434792295 -1136.1271502710408
21 328.83837945112145 -1983.202208197631
22 118.03737128600582 -1965.2884642921733
23 201.6396234973912 -892.1571486211553
24 302.7784524079522 -1626.386472415903
25 40.795087321388074 -31.694107503451196
26 45.291458380585176 -194.6399481035682
27 -51.49672563695473 -624.1491810045674
28 27.238551825810895 -757.2002359973435
29 85.45756747561805 -157.0100052899502
30 -286.859329779995 -595.7324608565259
31 -521.2127194375139 -778.7529951766167
32 766.0588239963706 -532.7564998921155
33 -266.67504951992146 -660.2161612408071
34 -703.8969622741361 -251.1494298246436
35 1789.8739355106961 -315.9160435613434
36 311.70954335828213 -904.6964312294878
37 -225.14588417630597 -290.3689648334846
38 -95.95151281469714 -314.09075692953945
39 -1272.5224903606281 -799.5465534453795
40 406.26873213880356 -2172.539932265073
41 116.03637635140245 -178.08161573625642
42 -504.4001081121947 -364.0422138109896
43 -129.25785552279262 -1070.867244986814
44 -66.49731571784997 -455.38044655246296
45 -49.07209873743098 -525.3631616563001
46 -1417.6201977016692 -1062.9897211018933
47 172.59811295078248 -94.13528247064929
48 1677.028631208891 -824.0700478148887
49 -7.371585015498487 -542.9399596956916
50 -286.20226166175206 -955.4345240882276
51 168.22513986542683 -313.57538936794384
52 272.6487173962349 -163.82174245864934
53 713.9276986467075 -181.3065613953781
54 1431.5769505556805 -381.5466382209371
55 -112.15254252665007 -444.38612670155214
56 1850.2231367657064 -382.3174339169876
57 -505.5631205110758 -392.77827750412
58 -22.328736296968334 -494.93658294308824
59 964.0807983669773 -294.5734214420773
60 647.2853258486429 -513.994239793615
61 -761.4009129054202 -1309.3636898611448
62 874.4161230815756 -440.22526517112436
63 -1317.624764118845 -1698.5382177274548
64 307.69832388296686 -594.1632213286285
65 990.3411238376035 -1082.2994681861728
66 880.0166454978452 -427.89211788337474
67 -188.7384134724422 -1960.8274843493768
68 -909.2889358887126 -98.32852673752843
69 1304.9479178952129 -1114.700114147724
70 423.55563241853775 -84.23211232381956
71 476.6753417252578 -1808.7222144351267
72 92.54951009299133 -654.1151160778562
73 1399.1064330536024 -804.1304010470104
74 30.063909049670677 -710.2640152595745
75 -939.3677583730239 -945.4579540779379
76 933.5790088455426 -899.1301667405975
77 -327.5070076358961 -400.33240294707736
78 53.85523890526953 -15.386141246470558
79 546.9740746200947 -1263.9984234932774
80 1796.2860123232765 -530.0930096046745
81 -19.827425342103265 -441.8653746383658 
82 623.3622382248433 -1577.6637292069922
83 -1010.257852120661 -1493.3210554761988
84 481.2314254933101 -1678.059833592854
85 252.05125576472378 -390.4290497227708
86 648.5712440462677 -1133.6782742455093
87 -1005.7835484236787 -501.79471282614537
88 349.54144288198387 -310.41638182927915
89 295.1455477432525 -402.504509350312 
90 700.840096015728 -1758.9701709570477
91 722.1374132456342 -418.15994223610676
92 1009.2547032584864 -23.142479353441402
93 506.6304774325243 -845.127316938988
94 -1225.3130687230666 -655.2661398366783
95 -1050.7396779315045 -457.05080113746436
96 1486.0570594239048 -80.02137362215826
97 -380.35282036743035 -1025.5816289494176
98 167.66796741513556 -919.5489311629246
99 424.6712421561956 -995.3080078475776
100 459.7705057836243 -405.80091129945765